%YAML:1.0
---
calibration_time: "Sat Aug 19 19:35:08 2023"
image_width: 1280
image_height: 720
flags: 0
camera_matrix: !!opencv-matrix
   rows: 3
   cols: 3
   dt: d
   data: [ 9.4321993460168460e+02, 0., 6.2692313730062665e+02, 0.,
       9.4408117033183601e+02, 3.4863897570536068e+02, 0., 0., 1. ]
distortion_coefficients: !!opencv-matrix
   rows: 1
   cols: 5
   dt: d
   data: [ -8.2662195141285671e-02, 1.5142623162130980e-01,
       -1.2295868729114694e-03, -6.8151829102515188e-04,
       -2.8793007303231057e-02 ]
avg_reprojection_error: 1.9493987421897518e-01
