%YAML:1.0
---
calibration_time: "Sat Aug 19 19:25:18 2023"
image_width: 1280
image_height: 720
flags: 0
camera_matrix: !!opencv-matrix
   rows: 3
   cols: 3
   dt: d
   data: [ 9.3198820772723991e+02, 0., 6.2742003860087198e+02, 0.,
       9.3188918128320086e+02, 3.4510866161615900e+02, 0., 0., 1. ]
distortion_coefficients: !!opencv-matrix
   rows: 1
   cols: 5
   dt: d
   data: [ -7.0960569027884821e-02, 1.3244068652017613e-01,
       -2.9863863714441464e-03, -2.0449309009156800e-04,
       -4.4698643976509661e-02 ]
avg_reprojection_error: 2.1748957791813420e-01
