%YAML:1.0
---
calibration_time: "Sat Aug 19 19:30:13 2023"
image_width: 1280
image_height: 720
flags: 0
camera_matrix: !!opencv-matrix
   rows: 3
   cols: 3
   dt: d
   data: [ 9.4119329471565641e+02, 0., 6.3879334447247709e+02, 0.,
       9.3903690486509311e+02, 3.4831846438500685e+02, 0., 0., 1. ]
distortion_coefficients: !!opencv-matrix
   rows: 1
   cols: 5
   dt: d
   data: [ -6.0832799950353962e-02, 4.6838931755067870e-02,
       -1.0470954214172913e-03, 2.6179680764725822e-03,
       1.0456446250487902e-01 ]
avg_reprojection_error: 2.7350532253125476e-01
